0.0                      0.9992245                
20.408163                1.8355536                
40.816326                2.3436685                
61.22449                 2.7399836                
81.63265                 3.0755703                
102.04082                3.3717215                
122.44898                3.6396558                
142.85715                3.886124                 
163.2653                 4.1155567                
183.67346                4.331045                 
204.08163                4.5348463                
224.48979                4.728668                 
244.89796                4.91384                  
265.30612                5.0914173                
285.7143                 5.2622604                
306.12244                5.4270763                
326.5306                 5.5864563                
346.93878                5.7409024                
367.34692                5.890842                 
387.7551                 6.036645                 
408.16327                6.1786327                
428.57144                6.317088                 
448.97958                6.452259                 
469.38776                6.584367                 
489.79593                6.7136083                
510.20407                6.840161                 
530.61224                6.9641833                
551.0204                 7.08582                  
571.4286                 7.2052026                
591.83673                7.322449                 
612.2449                 7.4376698                
632.6531                 7.550964                 
653.0612                 7.6624246                
673.46936                7.772136                 
693.87756                7.8801775                
714.2857                 7.9866214                
734.69385                8.091536                 
755.10205                8.1949835                
775.5102                 8.297024                 
795.9184                 8.397711                 
816.32654                8.497097                 
836.7347                 8.59523                  
857.1429                 8.692156                 
877.551                  8.787916                 
897.95917                8.882552                 
918.3674                 8.976101                 
938.7755                 9.0686                   
959.18365                9.160081                 
979.59186                9.250578                 
1000.0                   9.34012                  