0.1                      2.0481846                
20.506123                3.8103554                
40.912247                4.49025                  
61.318367                4.973969                 
81.72449                 5.3615756                
102.130615               5.690175                 
122.536736               5.9781704                
142.94286                6.2362                   
163.34898                6.4710364                
183.7551                 6.6872897                
204.16122                6.8882575                
224.56735                7.07639                  
244.97346                7.2535615                
265.37958                7.421245                 
285.7857                 7.5806193                
306.19183                7.7326446                
326.59796                7.878114                 
347.0041                 8.017694                 
367.41022                8.151948                 
387.8163                 8.281356                 
408.22244                8.406335                 
428.62857                8.527245                 
449.0347                 8.6444025                
469.44083                8.758087                 
489.84692                8.868545                 
510.25305                8.975996                 
530.6592                 9.080637                 
551.0653                 9.182645                 
571.47144                9.28218                  
591.87756                9.379387                 
612.2837                 9.474398                 
632.6898                 9.567332                 
653.09595                9.658299                 
673.502                  9.747401                 
693.90814                9.834731                 
714.3143                 9.920373                 
734.7204                 10.004406                
755.1265                 10.086905                
775.53265                10.167936                
795.9388                 10.247564                
816.3449                 10.325847                
836.75104                10.40284                 
857.15717                10.478594                
877.5633                 10.553158                
897.96936                10.626575                
918.3755                 10.69889                 
938.7816                 10.770141                
959.18774                10.840366                
979.5939                 10.9096                  
1000.0                   10.977877                
